         1          1         50.0        671.0        577.0        441.0          1.0 
         1          2         50.0        671.0        782.0        423.0          1.0 
         1          3         50.0        671.0       1175.0        389.0          1.0 
         1          4         50.0        671.0       1549.0        359.0          1.0 
         1          5         50.0        671.0       1924.0        336.0          1.0 
         1          6         50.0        671.0       2299.0        316.0          1.0 
         1          7         50.0        671.0       2674.0        299.0          1.0 
         1          8         50.0        671.0       3049.0        291.0          1.0 
         2          1        577.0        441.0         50.0        671.0          1.0 
         2          2        577.0        441.0        782.0        423.0          1.0 
         2          3        577.0        441.0       1175.0        389.0          1.0 
         2          4        577.0        441.0       1549.0        359.0          1.0 
         2          5        577.0        441.0       1924.0        336.0          1.0 
         2          6        577.0        441.0       2299.0        316.0          1.0 
         2          7        577.0        441.0       2674.0        299.0          1.0 
         2          8        577.0        441.0       3049.0        291.0          1.0 
         2          9        577.0        441.0       3425.0        305.0          1.0 
         3          1        782.0        423.0         50.0        671.0          1.0 
         3          2        782.0        423.0        577.0        441.0          1.0 
         3          3        782.0        423.0       1175.0        389.0          1.0 
         3          4        782.0        423.0       1549.0        359.0          1.0 
         3          5        782.0        423.0       1924.0        336.0          1.0 
         3          6        782.0        423.0       2299.0        316.0          1.0 
         3          7        782.0        423.0       2674.0        299.0          1.0 
         3          8        782.0        423.0       3049.0        291.0          1.0 
         3          9        782.0        423.0       3425.0        305.0          1.0 
         3         10        782.0        423.0       3798.0        271.0          1.0 
         4          1       1175.0        389.0         50.0        671.0          1.0 
         4          2       1175.0        389.0        577.0        441.0          1.0 
         4          3       1175.0        389.0        782.0        423.0          1.0 
         4          4       1175.0        389.0       1549.0        359.0          1.0 
         4          5       1175.0        389.0       1924.0        336.0          1.0 
         4          6       1175.0        389.0       2299.0        316.0          1.0 
         4          7       1175.0        389.0       2674.0        299.0          1.0 
         4          8       1175.0        389.0       3049.0        291.0          1.0 
         4          9       1175.0        389.0       3425.0        305.0          1.0 
         4         10       1175.0        389.0       3798.0        271.0          1.0 
         4         11       1175.0        389.0       4173.0        260.0          1.0 
         5          1       1549.0        359.0         50.0        671.0          1.0 
         5          2       1549.0        359.0        577.0        441.0          1.0 
         5          3       1549.0        359.0        782.0        423.0          1.0 
         5          4       1549.0        359.0       1175.0        389.0          1.0 
         5          5       1549.0        359.0       1924.0        336.0          1.0 
         5          6       1549.0        359.0       2299.0        316.0          1.0 
         5          7       1549.0        359.0       2674.0        299.0          1.0 
         5          8       1549.0        359.0       3049.0        291.0          1.0 
         5          9       1549.0        359.0       3425.0        305.0          1.0 
         5         10       1549.0        359.0       3798.0        271.0          1.0 
         5         11       1549.0        359.0       4173.0        260.0          1.0 
         5         12       1549.0        359.0       4547.0        251.0          1.0 
         6          1       1924.0        336.0         50.0        671.0          1.0 
         6          2       1924.0        336.0        577.0        441.0          1.0 
         6          3       1924.0        336.0        782.0        423.0          1.0 
         6          4       1924.0        336.0       1175.0        389.0          1.0 
         6          5       1924.0        336.0       1549.0        359.0          1.0 
         6          6       1924.0        336.0       2299.0        316.0          1.0 
         6          7       1924.0        336.0       2674.0        299.0          1.0 
         6          8       1924.0        336.0       3049.0        291.0          1.0 
         6          9       1924.0        336.0       3425.0        305.0          1.0 
         6         10       1924.0        336.0       3798.0        271.0          1.0 
         6         11       1924.0        336.0       4173.0        260.0          1.0 
         6         12       1924.0        336.0       4547.0        251.0          1.0 
         6         13       1924.0        336.0       4923.0        245.0          1.0 
         7          1       2299.0        316.0         50.0        671.0          1.0 
         7          2       2299.0        316.0        577.0        441.0          1.0 
         7          3       2299.0        316.0        782.0        423.0          1.0 
         7          4       2299.0        316.0       1175.0        389.0          1.0 
         7          5       2299.0        316.0       1549.0        359.0          1.0 
         7          6       2299.0        316.0       1924.0        336.0          1.0 
         7          7       2299.0        316.0       2674.0        299.0          1.0 
         7          8       2299.0        316.0       3049.0        291.0          1.0 
         7          9       2299.0        316.0       3425.0        305.0          1.0 
         7         10       2299.0        316.0       3798.0        271.0          1.0 
         7         11       2299.0        316.0       4173.0        260.0          1.0 
         7         12       2299.0        316.0       4547.0        251.0          1.0 
         7         13       2299.0        316.0       4923.0        245.0          1.0 
         7         14       2299.0        316.0       5298.0        241.0          1.0 
         8          1       2674.0        299.0         50.0        671.0          1.0 
         8          2       2674.0        299.0        577.0        441.0          1.0 
         8          3       2674.0        299.0        782.0        423.0          1.0 
         8          4       2674.0        299.0       1175.0        389.0          1.0 
         8          5       2674.0        299.0       1549.0        359.0          1.0 
         8          6       2674.0        299.0       1924.0        336.0          1.0 
         8          7       2674.0        299.0       2299.0        316.0          1.0 
         8          8       2674.0        299.0       3049.0        291.0          1.0 
         8          9       2674.0        299.0       3425.0        305.0          1.0 
         8         10       2674.0        299.0       3798.0        271.0          1.0 
         8         11       2674.0        299.0       4173.0        260.0          1.0 
         8         12       2674.0        299.0       4547.0        251.0          1.0 
         8         13       2674.0        299.0       4923.0        245.0          1.0 
         8         14       2674.0        299.0       5298.0        241.0          1.0 
         8         15       2674.0        299.0       5674.0        234.0          1.0 
         9          1       3049.0        291.0         50.0        671.0          1.0 
         9          2       3049.0        291.0        577.0        441.0          1.0 
         9          3       3049.0        291.0        782.0        423.0          1.0 
         9          4       3049.0        291.0       1175.0        389.0          1.0 
         9          5       3049.0        291.0       1549.0        359.0          1.0 
         9          6       3049.0        291.0       1924.0        336.0          1.0 
         9          7       3049.0        291.0       2299.0        316.0          1.0 
         9          8       3049.0        291.0       2674.0        299.0          1.0 
         9          9       3049.0        291.0       3425.0        305.0          1.0 
         9         10       3049.0        291.0       3798.0        271.0          1.0 
         9         11       3049.0        291.0       4173.0        260.0          1.0 
         9         12       3049.0        291.0       4547.0        251.0          1.0 
         9         13       3049.0        291.0       4923.0        245.0          1.0 
         9         14       3049.0        291.0       5298.0        241.0          1.0 
         9         15       3049.0        291.0       5674.0        234.0          1.0 
         9         16       3049.0        291.0       6034.0        232.0          1.0 
        10          1       3425.0        305.0        577.0        441.0          1.0 
        10          2       3425.0        305.0        782.0        423.0          1.0 
        10          3       3425.0        305.0       1175.0        389.0          1.0 
        10          4       3425.0        305.0       1549.0        359.0          1.0 
        10          5       3425.0        305.0       1924.0        336.0          1.0 
        10          6       3425.0        305.0       2299.0        316.0          1.0 
        10          7       3425.0        305.0       2674.0        299.0          1.0 
        10          8       3425.0        305.0       3049.0        291.0          1.0 
        10          9       3425.0        305.0       3798.0        271.0          1.0 
        10         10       3425.0        305.0       4173.0        260.0          1.0 
        10         11       3425.0        305.0       4547.0        251.0          1.0 
        10         12       3425.0        305.0       4923.0        245.0          1.0 
        10         13       3425.0        305.0       5298.0        241.0          1.0 
        10         14       3425.0        305.0       5674.0        234.0          1.0 
        10         15       3425.0        305.0       6034.0        232.0          1.0 
        10         16       3425.0        305.0       6424.0        223.0          1.0 
        11          1       3798.0        271.0        782.0        423.0          1.0 
        11          2       3798.0        271.0       1175.0        389.0          1.0 
        11          3       3798.0        271.0       1549.0        359.0          1.0 
        11          4       3798.0        271.0       1924.0        336.0          1.0 
        11          5       3798.0        271.0       2299.0        316.0          1.0 
        11          6       3798.0        271.0       2674.0        299.0          1.0 
        11          7       3798.0        271.0       3049.0        291.0          1.0 
        11          8       3798.0        271.0       3425.0        305.0          1.0 
        11          9       3798.0        271.0       4173.0        260.0          1.0 
        11         10       3798.0        271.0       4547.0        251.0          1.0 
        11         11       3798.0        271.0       4923.0        245.0          1.0 
        11         12       3798.0        271.0       5298.0        241.0          1.0 
        11         13       3798.0        271.0       5674.0        234.0          1.0 
        11         14       3798.0        271.0       6034.0        232.0          1.0 
        11         15       3798.0        271.0       6424.0        223.0          1.0 
        11         16       3798.0        271.0       6798.0        219.0          1.0 
        12          1       4173.0        260.0       1175.0        389.0          1.0 
        12          2       4173.0        260.0       1549.0        359.0          1.0 
        12          3       4173.0        260.0       1924.0        336.0          1.0 
        12          4       4173.0        260.0       2299.0        316.0          1.0 
        12          5       4173.0        260.0       2674.0        299.0          1.0 
        12          6       4173.0        260.0       3049.0        291.0          1.0 
        12          7       4173.0        260.0       3425.0        305.0          1.0 
        12          8       4173.0        260.0       3798.0        271.0          1.0 
        12          9       4173.0        260.0       4547.0        251.0          1.0 
        12         10       4173.0        260.0       4923.0        245.0          1.0 
        12         11       4173.0        260.0       5298.0        241.0          1.0 
        12         12       4173.0        260.0       5674.0        234.0          1.0 
        12         13       4173.0        260.0       6034.0        232.0          1.0 
        12         14       4173.0        260.0       6424.0        223.0          1.0 
        12         15       4173.0        260.0       6798.0        219.0          1.0 
        12         16       4173.0        260.0       7173.0        215.0          1.0 
        13          1       4547.0        251.0       1549.0        359.0          1.0 
        13          2       4547.0        251.0       1924.0        336.0          1.0 
        13          3       4547.0        251.0       2299.0        316.0          1.0 
        13          4       4547.0        251.0       2674.0        299.0          1.0 
        13          5       4547.0        251.0       3049.0        291.0          1.0 
        13          6       4547.0        251.0       3425.0        305.0          1.0 
        13          7       4547.0        251.0       3798.0        271.0          1.0 
        13          8       4547.0        251.0       4173.0        260.0          1.0 
        13          9       4547.0        251.0       4923.0        245.0          1.0 
        13         10       4547.0        251.0       5298.0        241.0          1.0 
        13         11       4547.0        251.0       5674.0        234.0          1.0 
        13         12       4547.0        251.0       6034.0        232.0          1.0 
        13         13       4547.0        251.0       6424.0        223.0          1.0 
        13         14       4547.0        251.0       6798.0        219.0          1.0 
        13         15       4547.0        251.0       7173.0        215.0          1.0 
        13         16       4547.0        251.0       7547.0        210.0          1.0 
        14          1       4923.0        245.0       1924.0        336.0          1.0 
        14          2       4923.0        245.0       2299.0        316.0          1.0 
        14          3       4923.0        245.0       2674.0        299.0          1.0 
        14          4       4923.0        245.0       3049.0        291.0          1.0 
        14          5       4923.0        245.0       3425.0        305.0          1.0 
        14          6       4923.0        245.0       3798.0        271.0          1.0 
        14          7       4923.0        245.0       4173.0        260.0          1.0 
        14          8       4923.0        245.0       4547.0        251.0          1.0 
        14          9       4923.0        245.0       5298.0        241.0          1.0 
        14         10       4923.0        245.0       5674.0        234.0          1.0 
        14         11       4923.0        245.0       6034.0        232.0          1.0 
        14         12       4923.0        245.0       6424.0        223.0          1.0 
        14         13       4923.0        245.0       6798.0        219.0          1.0 
        14         14       4923.0        245.0       7173.0        215.0          1.0 
        14         15       4923.0        245.0       7547.0        210.0          1.0 
        14         16       4923.0        245.0       7922.0        205.0          1.0 
        15          1       5298.0        241.0       2299.0        316.0          1.0 
        15          2       5298.0        241.0       2674.0        299.0          1.0 
        15          3       5298.0        241.0       3049.0        291.0          1.0 
        15          4       5298.0        241.0       3425.0        305.0          1.0 
        15          5       5298.0        241.0       3798.0        271.0          1.0 
        15          6       5298.0        241.0       4173.0        260.0          1.0 
        15          7       5298.0        241.0       4547.0        251.0          1.0 
        15          8       5298.0        241.0       4923.0        245.0          1.0 
        15          9       5298.0        241.0       5674.0        234.0          1.0 
        15         10       5298.0        241.0       6034.0        232.0          1.0 
        15         11       5298.0        241.0       6424.0        223.0          1.0 
        15         12       5298.0        241.0       6798.0        219.0          1.0 
        15         13       5298.0        241.0       7173.0        215.0          1.0 
        15         14       5298.0        241.0       7547.0        210.0          1.0 
        15         15       5298.0        241.0       7922.0        205.0          1.0 
        15         16       5298.0        241.0       8297.0        202.0          1.0 
        16          1       5674.0        234.0       2674.0        299.0          1.0 
        16          2       5674.0        234.0       3049.0        291.0          1.0 
        16          3       5674.0        234.0       3425.0        305.0          1.0 
        16          4       5674.0        234.0       3798.0        271.0          1.0 
        16          5       5674.0        234.0       4173.0        260.0          1.0 
        16          6       5674.0        234.0       4547.0        251.0          1.0 
        16          7       5674.0        234.0       4923.0        245.0          1.0 
        16          8       5674.0        234.0       5298.0        241.0          1.0 
        16          9       5674.0        234.0       6034.0        232.0          1.0 
        16         10       5674.0        234.0       6424.0        223.0          1.0 
        16         11       5674.0        234.0       6798.0        219.0          1.0 
        16         12       5674.0        234.0       7173.0        215.0          1.0 
        16         13       5674.0        234.0       7547.0        210.0          1.0 
        16         14       5674.0        234.0       7922.0        205.0          1.0 
        16         15       5674.0        234.0       8297.0        202.0          1.0 
        16         16       5674.0        234.0       8673.0        198.0          1.0 
        17          1       6034.0        232.0       3049.0        291.0          1.0 
        17          2       6034.0        232.0       3425.0        305.0          1.0 
        17          3       6034.0        232.0       3798.0        271.0          1.0 
        17          4       6034.0        232.0       4173.0        260.0          1.0 
        17          5       6034.0        232.0       4547.0        251.0          1.0 
        17          6       6034.0        232.0       4923.0        245.0          1.0 
        17          7       6034.0        232.0       5298.0        241.0          1.0 
        17          8       6034.0        232.0       5674.0        234.0          1.0 
        17          9       6034.0        232.0       6424.0        223.0          1.0 
        17         10       6034.0        232.0       6798.0        219.0          1.0 
        17         11       6034.0        232.0       7173.0        215.0          1.0 
        17         12       6034.0        232.0       7547.0        210.0          1.0 
        17         13       6034.0        232.0       7922.0        205.0          1.0 
        17         14       6034.0        232.0       8297.0        202.0          1.0 
        17         15       6034.0        232.0       8673.0        198.0          1.0 
        17         16       6034.0        232.0       9048.0        194.0          1.0 
        18          1       6424.0        223.0       3425.0        305.0          1.0 
        18          2       6424.0        223.0       3798.0        271.0          1.0 
        18          3       6424.0        223.0       4173.0        260.0          1.0 
        18          4       6424.0        223.0       4547.0        251.0          1.0 
        18          5       6424.0        223.0       4923.0        245.0          1.0 
        18          6       6424.0        223.0       5298.0        241.0          1.0 
        18          7       6424.0        223.0       5674.0        234.0          1.0 
        18          8       6424.0        223.0       6034.0        232.0          1.0 
        18          9       6424.0        223.0       6798.0        219.0          1.0 
        18         10       6424.0        223.0       7173.0        215.0          1.0 
        18         11       6424.0        223.0       7547.0        210.0          1.0 
        18         12       6424.0        223.0       7922.0        205.0          1.0 
        18         13       6424.0        223.0       8297.0        202.0          1.0 
        18         14       6424.0        223.0       8673.0        198.0          1.0 
        18         15       6424.0        223.0       9048.0        194.0          1.0 
        18         16       6424.0        223.0       9423.0        190.0          1.0 
        19          1       6798.0        219.0       3798.0        271.0          1.0 
        19          2       6798.0        219.0       4173.0        260.0          1.0 
        19          3       6798.0        219.0       4547.0        251.0          1.0 
        19          4       6798.0        219.0       4923.0        245.0          1.0 
        19          5       6798.0        219.0       5298.0        241.0          1.0 
        19          6       6798.0        219.0       5674.0        234.0          1.0 
        19          7       6798.0        219.0       6034.0        232.0          1.0 
        19          8       6798.0        219.0       6424.0        223.0          1.0 
        19          9       6798.0        219.0       7173.0        215.0          1.0 
        19         10       6798.0        219.0       7547.0        210.0          1.0 
        19         11       6798.0        219.0       7922.0        205.0          1.0 
        19         12       6798.0        219.0       8297.0        202.0          1.0 
        19         13       6798.0        219.0       8673.0        198.0          1.0 
        19         14       6798.0        219.0       9048.0        194.0          1.0 
        19         15       6798.0        219.0       9423.0        190.0          1.0 
        19         16       6798.0        219.0       9798.0        186.0          1.0 
        20          1       7173.0        215.0       4173.0        260.0          1.0 
        20          2       7173.0        215.0       4547.0        251.0          1.0 
        20          3       7173.0        215.0       4923.0        245.0          1.0 
        20          4       7173.0        215.0       5298.0        241.0          1.0 
        20          5       7173.0        215.0       5674.0        234.0          1.0 
        20          6       7173.0        215.0       6034.0        232.0          1.0 
        20          7       7173.0        215.0       6424.0        223.0          1.0 
        20          8       7173.0        215.0       6798.0        219.0          1.0 
        20          9       7173.0        215.0       7547.0        210.0          1.0 
        20         10       7173.0        215.0       7922.0        205.0          1.0 
        20         11       7173.0        215.0       8297.0        202.0          1.0 
        20         12       7173.0        215.0       8673.0        198.0          1.0 
        20         13       7173.0        215.0       9048.0        194.0          1.0 
        20         14       7173.0        215.0       9423.0        190.0          1.0 
        20         15       7173.0        215.0       9798.0        186.0          1.0 
        20         16       7173.0        215.0      10172.0        182.0          1.0 
        21          1       7547.0        210.0       4547.0        251.0          1.0 
        21          2       7547.0        210.0       4923.0        245.0          1.0 
        21          3       7547.0        210.0       5298.0        241.0          1.0 
        21          4       7547.0        210.0       5674.0        234.0          1.0 
        21          5       7547.0        210.0       6034.0        232.0          1.0 
        21          6       7547.0        210.0       6424.0        223.0          1.0 
        21          7       7547.0        210.0       6798.0        219.0          1.0 
        21          8       7547.0        210.0       7173.0        215.0          1.0 
        21          9       7547.0        210.0       7922.0        205.0          1.0 
        21         10       7547.0        210.0       8297.0        202.0          1.0 
        21         11       7547.0        210.0       8673.0        198.0          1.0 
        21         12       7547.0        210.0       9048.0        194.0          1.0 
        21         13       7547.0        210.0       9423.0        190.0          1.0 
        21         14       7547.0        210.0       9798.0        186.0          1.0 
        21         15       7547.0        210.0      10172.0        182.0          1.0 
        21         16       7547.0        210.0      10545.0        177.0          1.0 
        22          1       7922.0        205.0       4923.0        245.0          1.0 
        22          2       7922.0        205.0       5298.0        241.0          1.0 
        22          3       7922.0        205.0       5674.0        234.0          1.0 
        22          4       7922.0        205.0       6034.0        232.0          1.0 
        22          5       7922.0        205.0       6424.0        223.0          1.0 
        22          6       7922.0        205.0       6798.0        219.0          1.0 
        22          7       7922.0        205.0       7173.0        215.0          1.0 
        22          8       7922.0        205.0       7547.0        210.0          1.0 
        22          9       7922.0        205.0       8297.0        202.0          1.0 
        22         10       7922.0        205.0       8673.0        198.0          1.0 
        22         11       7922.0        205.0       9048.0        194.0          1.0 
        22         12       7922.0        205.0       9423.0        190.0          1.0 
        22         13       7922.0        205.0       9798.0        186.0          1.0 
        22         14       7922.0        205.0      10172.0        182.0          1.0 
        22         15       7922.0        205.0      10545.0        177.0          1.0 
        22         16       7922.0        205.0      10922.0        173.0          1.0 
        23          1       8297.0        202.0       5298.0        241.0          1.0 
        23          2       8297.0        202.0       5674.0        234.0          1.0 
        23          3       8297.0        202.0       6034.0        232.0          1.0 
        23          4       8297.0        202.0       6424.0        223.0          1.0 
        23          5       8297.0        202.0       6798.0        219.0          1.0 
        23          6       8297.0        202.0       7173.0        215.0          1.0 
        23          7       8297.0        202.0       7547.0        210.0          1.0 
        23          8       8297.0        202.0       7922.0        205.0          1.0 
        23          9       8297.0        202.0       8673.0        198.0          1.0 
        23         10       8297.0        202.0       9048.0        194.0          1.0 
        23         11       8297.0        202.0       9423.0        190.0          1.0 
        23         12       8297.0        202.0       9798.0        186.0          1.0 
        23         13       8297.0        202.0      10172.0        182.0          1.0 
        23         14       8297.0        202.0      10545.0        177.0          1.0 
        23         15       8297.0        202.0      10922.0        173.0          1.0 
        23         16       8297.0        202.0      11296.0        169.0          1.0 
        24          1       8673.0        198.0       5674.0        234.0          1.0 
        24          2       8673.0        198.0       6034.0        232.0          1.0 
        24          3       8673.0        198.0       6424.0        223.0          1.0 
        24          4       8673.0        198.0       6798.0        219.0          1.0 
        24          5       8673.0        198.0       7173.0        215.0          1.0 
        24          6       8673.0        198.0       7547.0        210.0          1.0 
        24          7       8673.0        198.0       7922.0        205.0          1.0 
        24          8       8673.0        198.0       8297.0        202.0          1.0 
        24          9       8673.0        198.0       9048.0        194.0          1.0 
        24         10       8673.0        198.0       9423.0        190.0          1.0 
        24         11       8673.0        198.0       9798.0        186.0          1.0 
        24         12       8673.0        198.0      10172.0        182.0          1.0 
        24         13       8673.0        198.0      10545.0        177.0          1.0 
        24         14       8673.0        198.0      10922.0        173.0          1.0 
        24         15       8673.0        198.0      11296.0        169.0          1.0 
        24         16       8673.0        198.0      11671.0        165.0          1.0 
        25          1       9048.0        194.0       6034.0        232.0          1.0 
        25          2       9048.0        194.0       6424.0        223.0          1.0 
        25          3       9048.0        194.0       6798.0        219.0          1.0 
        25          4       9048.0        194.0       7173.0        215.0          1.0 
        25          5       9048.0        194.0       7547.0        210.0          1.0 
        25          6       9048.0        194.0       7922.0        205.0          1.0 
        25          7       9048.0        194.0       8297.0        202.0          1.0 
        25          8       9048.0        194.0       8673.0        198.0          1.0 
        25          9       9048.0        194.0       9423.0        190.0          1.0 
        25         10       9048.0        194.0       9798.0        186.0          1.0 
        25         11       9048.0        194.0      10172.0        182.0          1.0 
        25         12       9048.0        194.0      10545.0        177.0          1.0 
        25         13       9048.0        194.0      10922.0        173.0          1.0 
        25         14       9048.0        194.0      11296.0        169.0          1.0 
        25         15       9048.0        194.0      11671.0        165.0          1.0 
        26          1       9423.0        190.0       6424.0        223.0          1.0 
        26          2       9423.0        190.0       6798.0        219.0          1.0 
        26          3       9423.0        190.0       7173.0        215.0          1.0 
        26          4       9423.0        190.0       7547.0        210.0          1.0 
        26          5       9423.0        190.0       7922.0        205.0          1.0 
        26          6       9423.0        190.0       8297.0        202.0          1.0 
        26          7       9423.0        190.0       8673.0        198.0          1.0 
        26          8       9423.0        190.0       9048.0        194.0          1.0 
        26          9       9423.0        190.0       9798.0        186.0          1.0 
        26         10       9423.0        190.0      10172.0        182.0          1.0 
        26         11       9423.0        190.0      10545.0        177.0          1.0 
        26         12       9423.0        190.0      10922.0        173.0          1.0 
        26         13       9423.0        190.0      11296.0        169.0          1.0 
        26         14       9423.0        190.0      11671.0        165.0          1.0 
        27          1       9798.0        186.0       6798.0        219.0          1.0 
        27          2       9798.0        186.0       7173.0        215.0          1.0 
        27          3       9798.0        186.0       7547.0        210.0          1.0 
        27          4       9798.0        186.0       7922.0        205.0          1.0 
        27          5       9798.0        186.0       8297.0        202.0          1.0 
        27          6       9798.0        186.0       8673.0        198.0          1.0 
        27          7       9798.0        186.0       9048.0        194.0          1.0 
        27          8       9798.0        186.0       9423.0        190.0          1.0 
        27          9       9798.0        186.0      10172.0        182.0          1.0 
        27         10       9798.0        186.0      10545.0        177.0          1.0 
        27         11       9798.0        186.0      10922.0        173.0          1.0 
        27         12       9798.0        186.0      11296.0        169.0          1.0 
        27         13       9798.0        186.0      11671.0        165.0          1.0 
        28          1      10172.0        182.0       7173.0        215.0          1.0 
        28          2      10172.0        182.0       7547.0        210.0          1.0 
        28          3      10172.0        182.0       7922.0        205.0          1.0 
        28          4      10172.0        182.0       8297.0        202.0          1.0 
        28          5      10172.0        182.0       8673.0        198.0          1.0 
        28          6      10172.0        182.0       9048.0        194.0          1.0 
        28          7      10172.0        182.0       9423.0        190.0          1.0 
        28          8      10172.0        182.0       9798.0        186.0          1.0 
        28          9      10172.0        182.0      10545.0        177.0          1.0 
        28         10      10172.0        182.0      10922.0        173.0          1.0 
        28         11      10172.0        182.0      11296.0        169.0          1.0 
        28         12      10172.0        182.0      11671.0        165.0          1.0 
        29          1      10545.0        177.0       7547.0        210.0          1.0 
        29          2      10545.0        177.0       7922.0        205.0          1.0 
        29          3      10545.0        177.0       8297.0        202.0          1.0 
        29          4      10545.0        177.0       8673.0        198.0          1.0 
        29          5      10545.0        177.0       9048.0        194.0          1.0 
        29          6      10545.0        177.0       9423.0        190.0          1.0 
        29          7      10545.0        177.0       9798.0        186.0          1.0 
        29          8      10545.0        177.0      10172.0        182.0          1.0 
        29          9      10545.0        177.0      10922.0        173.0          1.0 
        29         10      10545.0        177.0      11296.0        169.0          1.0 
        29         11      10545.0        177.0      11671.0        165.0          1.0 
        30          1      10922.0        173.0       7922.0        205.0          1.0 
        30          2      10922.0        173.0       8297.0        202.0          1.0 
        30          3      10922.0        173.0       8673.0        198.0          1.0 
        30          4      10922.0        173.0       9048.0        194.0          1.0 
        30          5      10922.0        173.0       9423.0        190.0          1.0 
        30          6      10922.0        173.0       9798.0        186.0          1.0 
        30          7      10922.0        173.0      10172.0        182.0          1.0 
        30          8      10922.0        173.0      10545.0        177.0          1.0 
        30          9      10922.0        173.0      11296.0        169.0          1.0 
        30         10      10922.0        173.0      11671.0        165.0          1.0 
        31          1      11296.0        169.0       8297.0        202.0          1.0 
        31          2      11296.0        169.0       8673.0        198.0          1.0 
        31          3      11296.0        169.0       9048.0        194.0          1.0 
        31          4      11296.0        169.0       9423.0        190.0          1.0 
        31          5      11296.0        169.0       9798.0        186.0          1.0 
        31          6      11296.0        169.0      10172.0        182.0          1.0 
        31          7      11296.0        169.0      10545.0        177.0          1.0 
        31          8      11296.0        169.0      10922.0        173.0          1.0 
        31          9      11296.0        169.0      11671.0        165.0          1.0 
        32          1      11671.0        165.0       8673.0        198.0          1.0 
        32          2      11671.0        165.0       9048.0        194.0          1.0 
        32          3      11671.0        165.0       9423.0        190.0          1.0 
        32          4      11671.0        165.0       9798.0        186.0          1.0 
        32          5      11671.0        165.0      10172.0        182.0          1.0 
        32          6      11671.0        165.0      10545.0        177.0          1.0 
        32          7      11671.0        165.0      10922.0        173.0          1.0 
        32          8      11671.0        165.0      11296.0        169.0          1.0 
